22275334
104423217
105838471
34982243
102285702
106984653
14802299
28366439
80665519
98996685
20587367
102068964
46292115
51959597
74166340
103415734
104116211
97580735
26658979
3402557
23819923
106830682
37079633
104031944
56180049
93036986
105059416
106688919
106375730
103431467
102882484
18299254
1829995
72778
105448235
106956786
55357318
102542429
67512683
40251585
106759164
106784476
83485892
53799345
38056807
10401492
105818043
6500352
37656328
863525
51538635
92197173
8385649
5994706
19212504
79620920
32206459
100853913
24600687
105974020
92527277
3218669
38351830
67431030
45812239
14919655
11758038
3939213
103563506
64842112
3193461
59257397
33007670
86426903
3289652
10832431
61697971
17629889
11546218
105527943
89284029
54870008
8786609
2275638
15126176
73551635
53670419
26796162
21654360
41733126
14753957
29447626
26648847
57734825
104459830
11539110
91740369
89400966
40782545
88102110
6794071
87092195
8970417
30133535
103911585
18369670
81944154
103572979
44972071
67228187
103422418
103147275
95276427
8511817
28112913
6259333
99289106
103588023
6023392
25143511
73117585
101439602
91270513
102288112
102686076
25921032
102342359
101826938
100763134
102758312
84923927
51354050
17836452
97739976
10624601
99752474
103267095
94164849
102938340
7671640
22085471
103423312
26503410
9987176
102307299
99863051
13264396
99013943
102733214
2671042
57044902
51475920
28819515
82822733
99166010
35876387
27155822
73579219
19513278
4150773
98745880
57028606
34313911
42080974
86079894
30850201
102378807
44475341
13965022
92389604
14225123
73803758
67628011
38268223
27731357
1828438
23213206
34409272
3855283
70991341
22856357
17702964
23585702
21114673
25405078
40958359
33039505
18758563
14305327
3174372
98929998
21477810
24590412
36064342
4710638
55950207
29598485
3954472
29075033
101663460
28748115
6172803
18041312
3348894
187246
90103698
16239447
32810205
7101420
9009855
63035046
82314290
46796981
9580836
86568622
88788543
38272501
9130348
45039349
68174048
23164288
13015366
16067693
88067299
77860403
16597098
8893081
13693035
61977975
69066739
17503334
81119777
68023969
4975123
4892192
53434622
53913561
12982882
26441157
101617188
53232830
95746640
75781699
17696303
20681589
14570799
31290532
1367259
47191635
2363169
24987639
10758107
44895546
93106082
100453886
71670826
9650629
1535594
59344395
18750397
42861494
18912354
91053975
68286143
9038581
15467960
89599040
12176156
23418650
26632325
988001
70672299
73920567
4906839
17285084
94056299
97850943
72052070
50283151
7212231
9457529
93380320
67904089
89469319
14337068
32957608
44369746
91932519
46801999
11339909
96085141
100941232
38959378
92840889
59313030
11065404
101506972
94902812
49622199
43698106
50077972
95416748
96086689
20498560
646544
5232718
67093476
43876205
15611520
86114019
16477799
53283174
87485818
13180100
59046424
12405413
98729488
97218672
25508746
84192622
26785595
50519465
6525610
99472
85966
8412436
18802652
25295189
86350848
40291810
6874817
43422238
3084939
15685627
92235944
34739221
40589627
23685907
20370147
46540960
50542818
7651841
49637374
12243101
82297867
11057287
101894910
35227306
70450761
65418833
37929892
81048301
14488269
57822259
95485582
33970936
39437203
761452
2637028
60185121
52013156
81239462
58434088
76008135
92344897
87138288
45516859
24498800
470174
34202543
51905809
28676260
92140106
7324626
85838652
68945484
6794208
12671635
79152651
30795650
138920
23623275
27122910
76497241
94479734
31983532
50656658
86885428
10349860
85065337
61310756
65126543
35061767
204732
20151243
60045017
25976977
92670362
41919169
64909440
77265292
74182757
96979136
66361046
96532665
92097206
97388609
98254611
11775514
94295754
72663416
5811365
16357594
73877480
74515229
43076569
97635802
97255960
21898
49886338
100476448
41737189
23580082
91718035
95349951
94556042
98072721
98062975
86586252
94454181
50120055
56613747
99738529
12062888
100822746
15313427
96560847
87545016
19750138
43454011
12211996
19721784
97908650
89204048
38990082
101612432
21369755
87221496
9906436
4749556
3356973
96997956
17988957
5302293
21586291
53651685
41319456
15185054
15153796
3858698
47161029
2808773
100930567
42081911
62517924
42715864
96958776
28873174
16148315
58932884
63965976
24238126
26800054
22251303
43562814
70236226
50474724
93291888
11896558
727518
19603545
31874437
9796996
27519916
71033250
3019893
13929502
58526437
43938842
4138358
34137786
96933116
19324889
84291921
60891750
9250283
36011641
63453188
20435514
17663172
30887664
9981353
32105408
41519983
15197513
17890281
20206340
66854962
88289924
22504894
92168008
32227648
5948143
87181742
14404764
91675049
81328452
71899445
68247201
9980500
69393856
34625547
95456216
60919772
69046305
17245634
86935761
2008176
18898196
13229335
4873514
41630984
52864261
20015785
4652539
16823258
14719710
6121219
6965899
36549190
14214373
64985136
29635581
11741795
20307366
8217405
17501570
30563619
1250712
17125489
9631509
88356470
19603375
45856058
12444153
35375005
24503943
16131820
17560106
19838906
89218870
44273654
1586700
1941163
74753816
35713288
94800113
58316460
15966644
57452589
58131017
4310379
18559651
5657073
93042042
24945534
4631539
49932336
9202534
64509815
47221195
101294780
57452309
17421235
99474031
35704892
15056578
75376765
7069682
42991130
17991780
19668586
15043623
74928328
39933973
12340016
27829614
95077112
6049901
42042821
15877643
93609486
44812576
17801695
13345788
10344581
6764048
16582456
97056155
93074888
16079897
52495752
33825870
23309376
87936502
28811102
3622529
137723
55151805
45016540
92185542
12332292
19100669
12670386
13590358
29935177
23368272
84579748
30394871
22334948
7075448
9662157
6148103
3318208
9482697
15410056
5737831
23107374
4325078
16654765
5347050
32147402
20428002
94732141
17772922
5711290
4430317
56667690
3202349
56789603
77422176
29864666
7005814
77617634
16942232
7422779
31806785
4460847
4595297
42253653
25669485
19631804
17223466
19521827
56627683
25355748
39660790
18054080
10206948
23338848
13547857
24190375
26744436
5155463
19293542
29785067
17560794
14161677
58078765
12539859
3626255
17557284
10758570
22145120
3731371
17795910
34301427
17707045
79562495
66995236
13916279
74188348
6445519
72182920
73231351
57824462
19194371
30798372
40138790
7599643
5751196
14698535
524346
23558541
18781732
27695115
12212301
641955
30861117
59575784
52680252
115051
219621
5238
24392
8814278
64390150
4446354
24180070
59275588
2254862
60693818
13538404
151716
16238229
457541
480448
3940309
28779600
4872213
81002566
10089174
67227995
10038462
1530042
4580364
2440531
11517668
44714584
4526277
40586474
28458531
70733826
13609766
7929707
17453541
70050825
45421635
22124330
73539969
195407
105609
1194931
767724
3720688
66033402
3679568
20670939
13146300
2864095
4023292
14409210
59578913
50258193
119199
20037070
3995310
24222104
273185
4367203
34367715
14561023
19248816
13516377
37674434
9256071
21029246
18061021
24017298
11857352
801146
1774953
18585934
9565067
2374176
12342223
119045
59043488
12364994
4754550
11925621
6662895
18031096
12362022
43953203
2783388
12756857
5596229
5356373
2088216
27060505
17091516
2668318
418969
16658699
6064413
1174044
17775569
1684486
8956220
9001612
2033916
1549112
6563511
10748940
1836747
11512057
258003
43177
14072309
528543
13463954
21505771
11820206
2760924
8089358
172636
14118707
9234
17918526
6874684
29589772
8996587
21529992
17862284
30716447
9314
16471269
1746117
17446765
15437125
133419
1878082
1039353
30585317
7461446
673438
22932449
3452804
4588267
3994482
21953098
11956933
34343424
3461846
15034125
28618617
17783380
19241754
6657532
4101343
7434855
15860216
26057814
1056186
6597201
20022362
2532867
1858104
10552397
189732
8692387
27517
194231
1464339
4091289
20814
853087
8637941
4364687
16800437
27112151
28443236
33903602
23181416
2658856
15291956
80438
13662481
18934609
420928
15166021
9241
23353614
13804723
4819066
42112494
1197484
13379747
4462245
40291400
2581060
12450773
5151250
20778107
1798953
10646874
4056694
4212281
17541888
17302794
4218636
681936
678892
26690900
14095911
12049439
13038527
14593211
21273664
12793879
14707888
14662327
6667324
17316212
5271609
24048889
516480
39468901
5005036
16051830
9568913
6117801
6881113
49821
25892105
35484662
26352420
3259336
34426633
39123643
3195765
85922
8777326
3266935
4563141
23886304
10151595
19196986
20946677
26716998
6957790
14408390
4721498
7575496
29590819
33533865
12896581
38751
3627856
906622
19094367
2279715
35282963
20471688
17021018
16181629
18896883
11914156
23690191
9665193
1269185
2784396
3907233
5110594
1236873
4295818
7253174
11008221
30112908
2131338
13697312
2745703
456362
8591317
9016
676740
5662397
4306446
1831980
14314809
12488741
2811806
20150991
20813541
14834109
959690
2482417
13183054
8149151
806359
12669791
17075437
22204599
894200
3925381
1043550
1524815
6048589
9689871
29759363
4875713
16204949
5359885
18965560
15253507
2344550
24230009
8886419
2789599
14037312
6831531
12902343
17440906
1226647